|  462112  |             Budi             |    15    |	 60000   |
|  462134  |            Andre             |    7     |	 35000   |
|  462145  |             Joko             |    13    |	 75000   |
|  462156  |             Badu             |    10    |	 40000   |
|  462167  |             Ali              |    15    |	 50000   |
|  462171  |           Muhammad           |    10    |	 35000   |
|  462176  |             Tri              |    11    |	 30000   |
|  462178  |           Charles            |    20    |	 80000   |
|  462188  |            Charli            |    10    |	 25000   |
|  462198  |            Nathan            |    12    |	 70000   |
